0 0.0498046875 0.9359619752547307 0.1 0.12569800000000012
0 0.098046875 0.7070819548762736 0.05937499999999998 0.11080100000000002
0 0.2209375 0.8411071834061136 0.078125 0.13221599999999986
0 0.26796875 0.701259538573508 0.05500000000000002 0.10149000000000002
0 0.376171875 0.7222681426491995 0.05937500000000001 0.10242100000000008
0 0.3892578125 0.8108530160116448 0.073125 0.15456200000000003
0 0.4580859375 0.6278207467248909 0.04562500000000003 0.10707599999999994
0 0.4661328125 0.5728086448326055 0.04249999999999998 0.03258800000000005
0 0.515546875 0.7538079344978166 0.028125000000000067 0.09683399999999996
0 0.61765625 0.8434410160116447 0.07062499999999994 0.15456300000000006
0 0.626328125 0.289319807860262 0.0675 0.15083799999999997
0 0.9200390625 0.5780663508005823 0.050000000000000044 0.10893799999999997
0 0.973515625 0.9721968733624453 0.05125000000000002 0.05307300000000013
