0 0.017578125 0.34875033333333333 0.035625 0.10499999999999998
0 0.029179687500000002 0.31098925 0.0375 0.07250000000000001
0 0.0526171875 0.33776008333333335 0.021875 0.03416699999999998
0 0.10171875 0.3105208333333333 0.023750000000000007 0.027500000000000042
0 0.1201171875 0.28526008333333336 0.021875000000000006 0.03416699999999998
0 0.211953125 0.4930208333333333 0.09812499999999999 0.151667
0 0.2169921875 0.3028645833333334 0.05375000000000002 0.08249999999999995
0 0.2444921875 0.2733333333333334 0.021874999999999978 0.04333299999999999
0 0.261171875 0.35734375 0.028749999999999998 0.05583300000000002
0 0.2914453125 0.26796841666666665 0.02562500000000001 0.04666699999999998
0 0.316328125 0.3539583333333334 0.03562499999999996 0.07416699999999998
0 0.315390625 0.2938538333333333 0.021250000000000047 0.02749999999999997
0 0.333515625 0.2837496666666666 0.020625000000000004 0.02083400000000002
0 0.41828125 0.7846350833333333 0.164375 0.253334
0 0.4020703125 0.378333 0.05812499999999998 0.12750000000000003
0 0.550234375 0.37885383333333333 0.043749999999999956 0.151667
0 0.64 0.32666666666666666 0.03125 0.08583299999999998
0 0.695078125 0.317917 0.036250000000000004 0.06500000000000002
0 0.7219921875 0.30390658333333337 0.02312499999999995 0.05166599999999999
0 0.768828125 0.3463541666666667 0.03562500000000002 0.06999999999999999
0 0.7876171875 0.32401075 0.023125000000000062 0.05666599999999996
0 0.8141015625 0.2872395833333334 0.03500000000000003 0.051666999999999984
0 0.88 0.28651075 0.03125 0.05666599999999996
0 0.9006640625 0.2855725833333333 0.01937500000000003 0.05000000000000001
