0 0.03463575 0.623006552715655 0.024305 0.027272999999999922
0 0.27710481249999996 0.775279552715655 0.01041700000000001 0.027272999999999922
0 0.28723925 0.5514155527156549 0.009028000000000036 0.027273000000000016
0 0.32393618750000003 0.19076032907348245 0.021527999999999936 0.039772999999999975
0 0.3358720625 0.7607538849840256 0.01805599999999996 0.03749999999999994
0 0.3533639375 0.4289358849840256 0.015278000000000014 0.03750000000000003
0 0.3550126875 0.6461949968051117 0.007639000000000007 0.029546000000000065
0 0.36156706250000004 0.7757732172523961 0.01944399999999996 0.04659100000000004
0 0.37473924999999997 0.30979877635782754 0.009028000000000036 0.014772999999999988
0 0.3862626875 0.545273108626198 0.007639000000000007 0.025000000000000053
0 0.3961591875 0.773500217252396 0.022915999999999992 0.04659100000000013
0 0.4083548125 0.37233199680511186 0.011110999999999982 0.029545000000000002
0 0.4175126875 0.5589091086261981 0.007639000000000062 0.022728000000000022
0 0.4228079375 0.48532566134185307 0.013888999999999985 0.04886300000000007
0 0.42641081249999996 0.48756544089456866 0.01041599999999998 0.032954000000000025
0 0.43919237499999997 0.27755255271565493 0.012500000000000011 0.026136000000000027
0 0.454470375 0.4643769968051118 0.011806000000000039 0.029545000000000047
0 0.46004818750000004 0.6571307731629393 0.022915999999999992 0.043180999999999865
0 0.4605686875 0.5289026645367413 0.007638999999999951 0.021590999999999985
0 0.4794921875 0.25937055271565496 0.02291700000000002 0.027273000000000016
0 0.4916888125 0.8243576645367413 0.010416000000000036 0.020454000000000135
0 0.5130859375 0.4648052204472844 0.01388900000000004 0.01704599999999999
0 0.5217015 0.7102924408945687 0.016666999999999987 0.03409100000000006
0 0.5360029375 0.4575257763578275 0.01388900000000004 0.014773000000000033
0 0.5360029375 0.4586949968051119 0.015276999999999874 0.029545999999999975
0 0.5355686875000001 0.8141296645367412 0.00694399999999995 0.02045499999999997
0 0.5498919375000001 0.3652988849840256 0.015276999999999874 0.03636399999999993
0 0.5608720625 0.26508477316293927 0.019444999999999935 0.04431800000000004
0 0.5654515 0.6037217731629393 0.0166670000000001 0.04204500000000003
0 0.62144075 0.6887346613418529 0.025000000000000022 0.04886300000000007
0 0.6520185625 0.24742965814696485 0.03472200000000003 0.07727300000000004
0 0.708115875 0.823961661341853 0.02847300000000008 0.05000000000000002
0 0.704470375 0.5148384408945688 0.011805999999999983 0.03409099999999997
0 0.7070966875 0.5139155527156549 0.006249999999999978 0.027273000000000106
0 0.7317060625 0.012779552715654952 0.019443999999999906 0.028408999999999997
0 0.73098925 0.18323455271565495 0.008333999999999953 0.027271999999999973
0 0.739887375 0.3402666645367412 0.012499999999999956 0.020453999999999996
0 0.73862825 0.333234552715655 0.009028000000000036 0.027271999999999998
0 0.7489361874999999 0.834188661341853 0.022223000000000104 0.05000000000000002
0 0.7515406874999999 0.5309615527156548 0.006250000000000089 0.027273000000000106
0 0.7555768125 0.524143552715655 0.01041700000000001 0.027271999999999907
0 0.77699675 0.7000654408945687 0.02361100000000005 0.03409099999999997
