0 0.09188048036253778 0.34531300000000004 0.060459 0.03281199999999995
0 0.262067498489426 0.38535206250000004 0.082225 0.08046799999999998
0 0.3400687583081571 0.319922125 0.053205000000000086 0.067187
0 0.39780177643504533 0.38750025 0.07497000000000002 0.07187499999999997
0 0.48153735045317214 0.401952875 0.07738800000000003 0.09140700000000002
0 0.6529148489425982 0.4705075625 0.15719499999999997 0.12734400000000007
0 0.7248896283987916 0.3158205625 0.068923 0.06484299999999998
0 0.7995644622356496 0.3048833125 0.03990399999999992 0.025781
0 0.8548683685800604 0.362109625 0.09794400000000002 0.082812
0 0.9733831842900301 0.277734375 0.049577000000000176 0.07578100000000002
