0 0.334453125 0.6476831537335286 0.03562499999999996 0.11913699999999998
0 0.4550390625 0.15629228843338214 0.018125000000000002 0.030957
0 0.4962890625 0.13231415959004392 0.01874999999999999 0.028142999999999987
0 0.5175390625 0.12387115959004391 0.01937499999999992 0.02720500000000001
0 0.5480859375 0.11783028843338215 0.015000000000000013 0.030957
0 0.59078125 0.1725820614934114 0.008124999999999938 0.046904
0 0.6011328125 0.15775641727672035 0.010000000000000009 0.034709000000000004
0 0.6165625 0.15025141727672037 0.015625 0.03283299999999997
0 0.6292578125 0.14691128843338214 0.010000000000000009 0.030957
0 0.63578125 0.14503528843338215 0.009375000000000022 0.030956999999999978
0 0.6787109375 0.13055241727672037 0.015000000000000013 0.03470899999999996
0 0.7180859375 0.1346020307467057 0.014374999999999916 0.02439099999999998
0 0.731484375 0.10510915959004392 0.012500000000000067 0.027205
