0 0.023474375000000002 0.4789515461200585 0.012872999999999999 0.03658500000000006
0 0.0468878125 0.42748377306002927 0.011518 0.01930900000000006
0 0.060737374999999996 0.4157369019033675 0.01287300000000001 0.023373999999999947
0 0.06420425 0.39789203074670576 0.008807999999999996 0.02540600000000003
0 0.0895708125 0.4142727730600293 0.010163000000000005 0.01930900000000006
0 0.123586625 0.4338404787701318 0.019648 0.08028400000000002
0 0.2025560625 0.4274499326500732 0.01761500000000002 0.04573099999999996
0 0.2918145 0.3540738901903367 0.110434 0.2022360000000001
0 0.3656763125 0.3596196383601757 0.025745000000000018 0.10670700000000002
0 0.4072429375 0.39176019033674964 0.01422699999999999 0.051828999999999986
0 0.5056028125 0.3414812210834554 0.04268299999999997 0.07520299999999998
0 0.6064770625 0.2199789516837482 0.11314400000000002 0.25
0 0.5852072500000001 0.3785830307467057 0.009484999999999855 0.02540600000000003
0 0.8751003749999999 0.36650877306002927 0.012873000000000023 0.020324999999999933
0 0.8843477500000001 0.4874958345534408 0.023711999999999844 0.06605599999999989
0 0.8921172500000001 0.37419064421669107 0.00812999999999986 0.017276000000000003
0 0.9461594999999999 0.38411215959004397 0.01693800000000012 0.026422999999999957
0 0.9709279375000001 0.401388159590044 0.015582999999999902 0.028456000000000013
