0 0.2454110625 0.2495213125 0.174836 0.24509799999999995
0 0.3783639375 0.59132425 0.20261399999999996 0.25816999999999996
0 0.37371037500000004 0.206291 0.0751639999999999 0.125817
0 0.43127706250000003 0.2043954375 0.049018999999999924 0.09313700000000003
0 0.5114693125 0.2718358125 0.15196100000000007 0.197712
0 0.67700625 0.8524047499999999 0.22712500000000002 0.27451000000000003
0 0.67879375 0.21629900000000002 0.1503270000000001 0.187909
0 0.7963831875 0.5162571874999999 0.17810499999999985 0.20915000000000006
0 0.7607038125 0.06887037500000001 0.04248400000000008 0.044116999999999996
0 0.8227766249999999 0.25833562499999996 0.05228700000000008 0.08333399999999999
0 0.9234837499999999 0.271126875 0.024510000000000032 0.05882399999999996
0 0.970549625 0.306436625 0.01960800000000007 0.05228699999999997
