0 0.0068359375 0.2885416666666667 0.014062 0.054167
0 0.043359375 0.13359341666666666 0.043750000000000004 0.07708400000000003
0 0.059375 0.7208333333333332 0.06406300000000001 0.10625000000000018
0 0.0853515625 0.58932325 0.03437499999999999 0.07083300000000008
0 0.114452625 0.2791666666666666 0.051563 0.08541700000000003
0 0.1593745 0.13098925 0.04843800000000001 0.07083400000000001
0 0.2062495 0.48255175 0.046875 0.08749999999999998
0 0.2302739375 0.2973955 0.04531199999999999 0.07916700000000006
0 0.2732421875 0.72994825 0.05312499999999998 0.10416600000000005
0 0.2998046875 0.13828158333333332 0.039061999999999986 0.08125
0 0.3404296875 0.2864586666666667 0.03749999999999998 0.05416599999999997
0 0.36015575 0.49479200000000007 0.05624999999999997 0.0958329999999999
0 0.45742137499999996 0.29713575000000003 0.04375100000000004 0.08749999999999998
0 0.4703125 0.19609341666666666 0.04843799999999998 0.07708400000000003
0 0.48671875 0.719792 0.05625000000000002 0.09375
0 0.4927734375 0.4815104166666666 0.06093799999999994 0.07708300000000001
0 0.594922375 0.1536455 0.043749999999999956 0.07916700000000003
0 0.61015575 0.26276041666666666 0.05468799999999996 0.07708299999999997
0 0.647265125 0.5026038333333332 0.035938000000000025 0.08958400000000004
0 0.668359875 0.7124996666666666 0.059374999999999956 0.08333400000000009
0 0.712890625 0.12682291666666667 0.051562 0.09166700000000001
0 0.7218755 0.3286455 0.04843699999999995 0.07916700000000006
0 0.7646489375 0.49244825000000003 0.04687400000000008 0.10208299999999992
0 0.7740234375 0.28541666666666665 0.06093799999999994 0.085417
0 0.8712890625 0.66796875 0.04999999999999993 0.08750000000000006
0 0.88515625 0.07994758333333334 0.03906299999999996 0.08125
0 0.891015625 0.24661425 0.051562999999999914 0.102084
0 0.9015625 0.4794270833333334 0.046875 0.09791699999999996
0 0.9833984375 0.5052083333333334 0.029687999999999937 0.07291700000000005
