0 0.06108136122177955 0.3341015625 0.046433 0.034167
0 0.5199906494023904 0.504973625 0.9569650000000001 0.489167
0 0.0788103187250996 0.39703125 0.04190299999999999 0.03999999999999998
0 0.13606250996015937 0.427057625 0.064553 0.05166599999999999
0 0.2109624037184595 0.41401075 0.05096299999999999 0.05500000000000005
0 0.32440842496679945 0.40619825 0.05435999999999995 0.039166000000000034
0 0.3871275949535192 0.701640625 0.077011 0.11499999999999999
0 0.5135039136786189 0.2182158125 0.11438200000000005 0.135834
0 0.5872631912350598 0.2751689375 0.026048000000000012 0.015000000000000013
0 0.6418192124833998 0.318125 0.02717999999999986 0.031667
0 0.7064534674634793 0.30838575 0.05889000000000018 0.024165999999999965
0 0.7091095099601592 0.3816279375 0.065685 0.04583300000000001
0 0.8107572337317397 0.285598625 0.03057800000000009 0.02083400000000002
0 0.8439912762284197 0.310338875 0.035108000000000014 0.02749999999999997
0 0.8724256586985392 0.6050126875 0.08267299999999993 0.06999999999999995
0 0.8888601062417 0.2832158125 0.01358999999999993 0.010000000000000009
0 0.8962411699867198 0.31005175 0.022650000000000087 0.024166999999999994
0 0.9132291699867197 0.28338575 0.021517000000000047 0.02416600000000002
0 0.9434562549800798 0.3143623125 0.032841999999999934 0.025832999999999995
0 0.9729413824701196 0.3655078125 0.04983099999999984 0.04166700000000001
