0 0.1364453125 0.1907295 0.05812500000000001 0.079166
0 0.1630859375 0.0234375 0.04500000000000001 0.048332999999999994
0 0.2865625 0.09276041666666668 0.04812500000000003 0.07583300000000001
0 0.4185546875 0.06953158333333333 0.03874999999999995 0.080833
0 0.4506640625 0.18109341666666667 0.049375 0.07583400000000001
0 0.478359375 0.6317190833333334 0.04375000000000001 0.06583300000000003
0 0.6390625 0.19609341666666666 0.04812499999999997 0.07583400000000001
0 0.66265625 0.10432324999999999 0.040000000000000036 0.071666
0 0.7104296875 0.5195315833333334 0.03874999999999995 0.080833
0 0.7230078125 0.046093416666666664 0.04125000000000001 0.07750000000000001
0 0.7812890625 0.18276041666666665 0.050000000000000044 0.07750000000000001
0 0.8467578125 0.14796875 0.04125000000000001 0.08750000000000001
0 0.9462890625 0.17468716666666664 0.04937499999999995 0.06916700000000002
