0 0.10203125 0.749865055636896 0.07187500000000001 0.1378979999999998
0 0.26765625000000004 0.7654702825768668 0.07125000000000001 0.12195100000000007
0 0.26234375 0.3424192210834553 0.05499999999999999 0.07504700000000004
0 0.330859375 0.30587838067349926 0.04312499999999997 0.10131300000000007
0 0.439453125 0.7567296691068814 0.06812499999999999 0.13039399999999998
0 0.4540625 0.23394299414348463 0.048750000000000016 0.09193300000000001
0 0.5469921875 0.3202469941434846 0.053749999999999964 0.092871
0 0.6359375 0.3441118653001464 0.04874999999999996 0.09005600000000001
0 0.6844140625 0.32921612298682285 0.04999999999999993 0.09662299999999999
0 0.7367578125 0.37918857686676427 0.0412499999999999 0.06003799999999996
0 0.808359375 0.4025704787701318 0.043749999999999956 0.07973800000000003
0 0.8648828125 0.3624609941434846 0.04125000000000001 0.090995
0 0.92703125 0.39671396339677895 0.03937500000000005 0.06941899999999998
