0 0.0299609375 0.44786425 0.015 0.040000000000000036
0 0.0514453125 0.6165100833333333 0.058125 0.09833400000000007
0 0.070390625 0.8616666666666667 0.08375 0.20999999999999996
0 0.0776171875 0.4505208333333333 0.023124999999999993 0.027500000000000007
0 0.086953125 0.56015625 0.03624999999999999 0.07083299999999992
0 0.13621093750000002 0.7278645833333334 0.10937499999999999 0.20833299999999996
0 0.2260546875 0.71 0.06875 0.12583300000000008
0 0.3240625 0.4865621666666667 0.015625 0.03749999999999994
0 0.331015625 0.43708366666666665 0.020625000000000004 0.022499999999999964
0 0.4532421875 0.4490621666666666 0.021874999999999978 0.03666700000000008
0 0.473046875 0.5017705 0.027500000000000024 0.04833400000000002
0 0.5201953125 0.44473958333333335 0.02562500000000001 0.04999999999999997
0 0.5540234375 0.5059899166666667 0.029999999999999916 0.03083299999999996
0 0.5494140625 0.4441663333333334 0.01937500000000003 0.041666999999999975
0 0.551640625 0.4988538333333334 0.020625000000000004 0.027500000000000007
0 0.6201171875 0.4157815833333333 0.021874999999999978 0.018333000000000006
0 0.66859375 0.4623961666666667 0.025000000000000022 0.03833299999999995
0 0.814453125 0.6946357500000001 0.09812500000000002 0.2133329999999999
0 0.87046875 0.435625 0.024375000000000036 0.03249999999999997
0 0.9233984375 0.4557291666666667 0.030000000000000027 0.03749999999999994
0 0.9825 0.6335940833333332 0.03249999999999997 0.1608330000000001
