0 0.0149609375 0.2071875 0.015 0.03700000000000001
0 0.109921875 0.144 0.028124999999999997 0.051000000000000024
0 0.246875 0.4375 0.03187499999999999 0.07699999999999996
0 0.28875 0.17381249999999998 0.033125000000000016 0.06799999999999999
0 0.3664453125 0.19012500000000002 0.026874999999999982 0.05699999999999998
0 0.4142578125 0.200875 0.04250000000000004 0.094
0 0.59640625 0.21662499999999998 0.039999999999999925 0.08200000000000003
0 0.6267578125 0.45043750000000005 0.04250000000000009 0.09799999999999995
0 0.6771875 0.2603125 0.016249999999999987 0.04100000000000006
0 0.8107421875 0.2264375 0.02312499999999995 0.04699999999999997
0 0.821328125 0.4371875 0.03687499999999999 0.08700000000000001
