0 0.2355859375 0.4413300922401171 0.04625000000000001 0.07129499999999998
0 0.3378125 0.4729274787701318 0.04874999999999996 0.08067499999999998
0 0.366640625 0.7658379941434846 0.05125000000000002 0.090995
0 0.473359375 0.45615573645680824 0.044375 0.08630399999999998
0 0.4857421875 0.8179591229868228 0.053750000000000075 0.09380900000000002
0 0.569453125 0.8179591229868228 0.06687500000000002 0.09568500000000013
0 0.5713671875 0.3855011229868228 0.053749999999999964 0.09474700000000007
0 0.68171875 0.40115050951683745 0.05624999999999991 0.10412799999999997
0 0.76125 0.43082773645680816 0.06374999999999997 0.08536600000000001
0 0.8442578125 0.34644389604685216 0.07374999999999998 0.11350799999999998
