0 0.0909375 0.49411958737151246 0.11124999999999999 0.223684
0 0.146875 0.18138544199706313 0.095 0.18891000000000002
0 0.2912890625 0.4226917268722467 0.080625 0.17669200000000002
0 0.3211328125 0.16816958296622614 0.07250000000000001 0.16259400000000002
0 0.4869921875 0.14496729662261382 0.085625 0.154135
0 0.553125 0.25739558443465493 0.09375 0.183271
0 0.560078125 0.5152671571218795 0.09875 0.20018700000000006
0 0.6779296875 0.46181301468428776 0.09999999999999998 0.206766
0 0.7721875 0.2496428693098385 0.07937499999999997 0.17199199999999998
0 0.93640625 0.29722115712187963 0.10250000000000004 0.202068
