0 0.1287109375 0.36685338067349926 0.04562500000000001 0.10037499999999992
0 0.1700390625 0.2976456749633968 0.019375000000000003 0.038461000000000016
0 0.2416015625 0.29498909224011716 0.033749999999999974 0.07129399999999997
0 0.3128125 0.3322144787701317 0.04749999999999999 0.08067499999999998
0 0.3783984375 0.3005739326500732 0.030624999999999958 0.04409000000000001
0 0.4188671875 0.30350219033674963 0.023125000000000007 0.05065600000000005
0 0.4701171875 0.2669161903367497 0.023125000000000007 0.05065699999999994
0 0.50734375 0.33743060761347 0.05500000000000005 0.08442800000000003
0 0.547734375 0.44386469985358706 0.07562500000000005 0.15384600000000004
0 0.533125 0.26879219033674967 0.03187499999999999 0.052532999999999976
0 0.6449609375 0.32734012298682286 0.04499999999999993 0.09662300000000003
0 0.7014453125 0.3032736749633968 0.02562500000000001 0.04033800000000002
0 0.7853515625 0.37861057101024886 0.06624999999999992 0.1519700000000001
0 0.8941015625 0.2924727057101025 0.034375000000000044 0.06285200000000002
0 0.949375 0.34489144802342603 0.03312500000000007 0.05628499999999996
