0 0.106328125 0.15875 0.036250000000000004 0.06416699999999999
0 0.1407421875 0.19593783333333334 0.053125000000000006 0.09000000000000001
0 0.214609375 0.21343750000000003 0.043125 0.04749999999999995
0 0.25140625 0.15484408333333335 0.03999999999999998 0.09833299999999999
0 0.3367578125 0.19723991666666665 0.04250000000000004 0.093333
0 0.3676953125 0.161042 0.05812500000000004 0.095833
0 0.484921875 0.14723925000000002 0.05937500000000001 0.13333399999999998
0 0.5449999999999999 0.2716145833333334 0.09562500000000002 0.14333300000000002
0 0.6700390625 0.14411425 0.050000000000000044 0.101667
0 0.75828125 0.25062466666666666 0.07062499999999994 0.11499999999999995
0 0.8544921875 0.27781216666666664 0.14687499999999998 0.225
0 0.9443359375 0.5190628333333334 0.10875000000000001 0.3708329999999999
