0 0.0966796875 0.3316149166666667 0.037500000000000006 0.062499999999999965
0 0.1376953125 0.4498440833333333 0.05687500000000001 0.09666599999999999
0 0.17421875 0.9105725833333334 0.024375000000000008 0.04999999999999997
0 0.2073828125 0.5180725833333333 0.04124999999999998 0.04999999999999997
0 0.250546875 0.9251045000000001 0.028749999999999998 0.047499999999999876
0 0.2843359375 0.31765591666666665 0.014999999999999958 0.02999999999999999
0 0.2944921875 0.15046841666666666 0.021874999999999978 0.04583400000000004
0 0.31984375 0.91536425 0.024375000000000036 0.040000000000000036
0 0.3213671875 0.15286424999999998 0.023125000000000007 0.04083400000000006
0 0.3591796875 0.17031283333333336 0.03875000000000001 0.058333
0 0.359140625 0.9566663333333333 0.020625000000000004 0.04333400000000006
0 0.4676171875 0.24281283333333334 0.023125000000000007 0.058333000000000045
0 0.48375 0.537917 0.03125 0.0641660000000001
0 0.5269921875 0.5390625 0.023125000000000062 0.07916699999999999
0 0.5654296875 0.5513541666666666 0.03749999999999998 0.06833300000000013
0 0.59609375 0.3098961666666667 0.02375000000000005 0.03749999999999998
0 0.66359375 0.5095836666666668 0.08687500000000004 0.14749999999999996
0 0.785 0.2383333333333333 0.03249999999999997 0.04333299999999999
0 0.8247265625 0.3478645833333333 0.03500000000000003 0.08249999999999998
0 0.86375 0.35062533333333334 0.03125 0.07416599999999995
