0 0.0351953125 0.16437466666666664 0.026250000000000002 0.05333400000000001
0 0.037617187499999996 0.3500003333333333 0.023125000000000003 0.04333299999999999
0 0.2374609375 0.34671908333333334 0.045625 0.06666599999999996
0 0.2980078125 0.4853645833333333 0.04249999999999998 0.08250000000000002
0 0.364296875 0.32140658333333333 0.02749999999999997 0.05166599999999999
0 0.404609375 0.31526041666666665 0.04375000000000001 0.07749999999999997
0 0.474453125 0.3769788333333333 0.036250000000000004 0.05833399999999996
0 0.4868359375 0.12921875 0.014375000000000027 0.025832999999999995
0 0.5816015625 0.33755208333333336 0.03375000000000006 0.06583299999999996
0 0.578984375 0.11791666666666667 0.012499999999999956 0.022500000000000003
0 0.6080078125 0.5294274166666667 0.04125000000000001 0.07583300000000004
0 0.63734375 0.38109408333333333 0.02375000000000005 0.034165999999999995
0 0.6778125 0.3963024166666667 0.016874999999999973 0.04499999999999993
0 0.70640625 0.3792190833333333 0.040000000000000036 0.06750000000000005
0 0.780078125 0.35557258333333336 0.036250000000000004 0.051666999999999984
0 0.7975390625 0.23869825 0.01937500000000003 0.04
0 0.8320703125 0.04411491666666667 0.026249999999999996 0.061666
0 0.8389453125 0.0442705 0.026874999999999982 0.048333999999999995
0 0.9068359375 0.3028645833333334 0.04625000000000001 0.080833
0 0.967890625 0.2019270833333333 0.020625000000000004 0.035833000000000004
