1 0.115625 0.6802734375 0.03281199999999998 0.02968700000000002
1 0.2443354375 0.2009765625 0.02968800000000002 0.03437499999999999
1 0.252734875 0.698438 0.02812500000000004 0.03281199999999995
1 0.377734375 0.5919926875 0.10625000000000001 0.10156200000000004
1 0.39199168749999996 0.270703125 0.03750000000000003 0.035937
1 0.5062495 0.6138671875 0.07968800000000004 0.08593699999999993
1 0.56015575 0.6185551875 0.05468800000000007 0.05312399999999995
1 0.6962895625 0.6888676875 0.034375000000000044 0.03906199999999993
1 0.7875 0.6802734375 0.03281299999999998 0.02968700000000002
1 0.8919921875 0.672266125 0.021874999999999978 0.035937
