1 0.24767150000000002 0.7577472846715327 0.07946999999999996 0.13613900000000004
1 0.0107421875 0.36595681021897813 0.023178999999999998 0.04455500000000003
1 0.060546875 0.8604396788321169 0.122517 0.168317
1 0.068566375 0.2215689124087591 0.07450299999999999 0.084158
1 0.1096146875 0.0909513503649635 0.038079 0.07425800000000003
1 0.19014543750000001 0.07825737226277373 0.029800999999999994 0.054456
1 0.32267962499999997 0.06296166423357664 0.019867000000000024 0.04950500000000001
1 0.3707381875 0.6755550583941606 0.05463600000000002 0.07920800000000007
1 0.47351593750000004 0.6978965766423357 0.07781499999999991 0.1287130000000001
1 0.5495461875 0.8843644744525547 0.05463600000000002 0.09158400000000004
