1 0.25134081249999995 0.7601043191800878 0.04250000000000001 0.05374999999999993
1 0.25593750000000004 0.7601043191800878 0.047500000000000014 0.05374999999999993
1 0.25545606249999997 0.8711401903367496 0.018333000000000016 0.04999999999999997
1 0.275338875 0.8364989019033675 0.027500000000000024 0.02124999999999994
1 0.2826953125 0.4687847730600293 0.025832999999999995 0.019999999999999952
1 0.2786455 0.424820644216691 0.016666999999999987 0.017500000000000064
1 0.2803125 0.4348206442166911 0.016666999999999987 0.01749999999999998
1 0.2910029375 0.3960706442166911 0.014166000000000012 0.01749999999999998
1 0.3115751875 0.570677159590044 0.021666999999999992 0.02875000000000011
1 0.422838875 0.4842130307467057 0.027500000000000024 0.026250000000000055
1 0.4435029375 0.3654630307467057 0.014165999999999956 0.024999999999999942
1 0.4582158125 0.3702489019033675 0.011667000000000038 0.021250000000000022
1 0.4749345625 0.5458565153733529 0.03333400000000003 0.013749999999999854
1 0.474504875 0.42360541727672035 0.028334000000000026 0.033749999999999974
1 0.4859375 0.6433912884333822 0.04749999999999999 0.03125
1 0.4961455 0.5952489019033674 0.016666999999999987 0.021250000000000022
1 0.5480341875 0.737997803806735 0.05416600000000005 0.042500000000000045
1 0.550911125 0.746927159590044 0.03583400000000003 0.028750000000000026
1 0.662057625 0.9449249633967789 0.05249999999999999 0.0687500000000001
1 0.6913154375 0.4529630307467057 0.030000000000000027 0.026250000000000055
1 0.6935283125 0.46006954612005857 0.026666999999999996 0.037499999999999936
1 0.7460283125 0.480497803806735 0.025834000000000024 0.041249999999999974
1 0.7479814375 0.4708912884333821 0.030834000000000028 0.03125
1 0.7626689375 0.6077836749633968 0.01416700000000004 0.03875000000000001
1 0.771432625 0.6094619326500732 0.02083299999999999 0.04625000000000009
1 0.81265625 0.738316251830161 0.07083300000000003 0.09749999999999996
1 0.9062890625 0.2954630307467057 0.018333000000000044 0.025000000000000026
1 0.9094795 0.30235541727672033 0.01666599999999996 0.03249999999999999
1 0.9644795 0.31403367496339674 0.01666599999999996 0.03875000000000001
