1 0.0673828125 0.6998158235294117 0.135 0.24693700000000005
1 0.1162109375 0.33761176470588233 0.04500000000000001 0.060319999999999985
1 0.14 0.0837765294117647 0.03249999999999999 0.06786000000000002
1 0.24625 0.7245884705882353 0.18750000000000003 0.28275199999999984
1 0.2171484375 0.2666225294117647 0.03 0.06974600000000003
1 0.2532421875 0.28577376470588234 0.023125000000000007 0.061263
1 0.285859375 0.5301101176470588 0.043749999999999956 0.07351600000000001
1 0.3378515625 0.7539858235294118 0.09750000000000003 0.19509900000000002
1 0.3274609375 0.19552011764705884 0.044999999999999984 0.07351599999999998
1 0.3608984375 0.5670954705882352 0.030625000000000013 0.08482600000000012
1 0.3831640625 0.6321620588235294 0.018125000000000002 0.036757000000000144
1 0.460390625 0.7495740588235295 0.11437499999999995 0.187559
1 0.4458203125 0.31276523529411765 0.02562500000000001 0.04241299999999998
1 0.5571484375 0.14128294117647058 0.186875 0.21583399999999997
1 0.5197265625 0.4484603529411765 0.06624999999999998 0.163996
1 0.5419921875 0.6307451764705883 0.08562499999999995 0.20829399999999995
1 0.5189453125 0.32554582352941175 0.02562500000000001 0.04618299999999999
1 0.6915234375 0.32009899999999997 0.09250000000000003 0.25070700000000007
1 0.6717578125 0.6685449411764706 0.04249999999999998 0.06503300000000001
1 0.710078125 0.6666599411764705 0.03562500000000002 0.06691799999999998
1 0.74375 0.1066574705882353 0.03187499999999999 0.03298700000000001
1 0.7848828125 0.4449244117647058 0.073125 0.247879
1 0.9503515625 0.3453925294117647 0.09687500000000004 0.21866200000000008
