1 0.8980859375 0.91807325 0.07750000000000001 0.1350000000000001
1 0.1590625 0.9377607500000001 0.171875 0.11833299999999995
1 0.277109375 0.54276075 0.10562500000000002 0.11749999999999994
1 0.3245703125 0.43166666666666664 0.05687500000000001 0.08416700000000003
1 0.551484375 0.38864583333333336 0.04312499999999997 0.05916699999999997
1 0.6213671875 0.4024479166666666 0.05437500000000006 0.05999999999999998
1 0.686875 0.6044274166666667 0.09562499999999996 0.07750000000000005
1 0.7190625 0.4585416666666666 0.04749999999999999 0.053333000000000075
1 0.78796875 0.49984375 0.08750000000000002 0.05666700000000002
1 0.9840234375 0.9542708333333333 0.030000000000000027 0.08916700000000007
