1 0.0312495 0.5994788333333334 0.046876 0.05833399999999996
1 0.13671824999999999 0.9338538333333334 0.07187600000000001 0.08958400000000004
1 0.144922375 0.7796875 0.043748999999999996 0.04791699999999999
1 0.1490234375 0.7940100833333332 0.02968699999999999 0.03541700000000011
1 0.1701171875 0.819792 0.023437000000000013 0.03333300000000013
1 0.2302739375 0.836458 0.014061999999999991 0.033333999999999975
1 0.28046875 0.8098961666666668 0.025000000000000022 0.03749999999999994
1 0.5099614375 0.88619825 0.02968700000000002 0.04166600000000006
1 0.5302734375 0.9177079999999999 0.029688000000000048 0.03333400000000012
1 0.5958989375 0.86119825 0.04531200000000002 0.04166600000000006
1 0.6384765625 0.915625 0.034375000000000044 0.03125
1 0.66328175 0.91536425 0.024998999999999993 0.039584000000000064
1 0.8064448125 0.5382815833333333 0.010938000000000003 0.01874999999999997
1 0.8515625 0.5614583333333334 0.015625 0.012499999999999881
