1 0.2746484375 0.8557297647058824 0.09249999999999997 0.11111099999999999
1 0.046875 0.9695611764705884 0.095625 0.057437999999999746
1 0.0675390625 0.9477764117647057 0.08125 0.09981100000000002
1 0.3558203125 0.5613105882352941 0.026874999999999982 0.055555
1 0.364609375 0.8195992352941177 0.04312499999999997 0.09227899999999988
1 0.40484375 0.5692454117647058 0.05499999999999999 0.09887000000000003
1 0.4140625 0.29859858823529417 0.046875 0.05555599999999998
1 0.4184765625 0.5717847647058824 0.034375000000000044 0.05932199999999998
1 0.7063671875 0.3000691764705883 0.053749999999999964 0.05743899999999994
1 0.8549609375 0.3353215882352941 0.04499999999999993 0.05367299999999994
1 0.8801953125 0.2880605294117647 0.0881249999999999 0.06968000000000003
1 0.8624609375 0.2593991176470588 0.04500000000000004 0.071564
