1 0.025156249999999998 0.6473961666666667 0.04 0.03750000000000001
1 0.026171875 0.6529684166666666 0.028125 0.045000000000000075
1 0.076640625 0.6507291666666667 0.02062499999999999 0.03750000000000009
1 0.240234375 0.4602600833333333 0.013124999999999998 0.03416699999999998
1 0.2582421875 0.6720836666666666 0.021874999999999978 0.022499999999999964
1 0.2744140625 0.656458 0.018125000000000002 0.03333400000000005
1 0.3120703125 0.4801559166666667 0.02562500000000001 0.029166999999999943
1 0.334375 0.6226559166666666 0.033125000000000016 0.030834000000000028
1 0.3531640625 0.6065104166666666 0.018125000000000002 0.01500000000000005
1 0.4178515625 0.59421875 0.03375 0.025832999999999995
1 0.4458203125 0.5962496666666667 0.026249999999999996 0.020833999999999946
1 0.4516015625 0.44588575 0.03437499999999999 0.02416599999999991
1 0.5392578125 0.573958 0.04125000000000001 0.03249999999999997
1 0.5803515625 0.5765621666666666 0.03500000000000003 0.036667000000000005
1 0.6706640625 0.5427600833333334 0.01937500000000003 0.03583400000000007
1 0.67921875 0.57338575 0.024375000000000036 0.024165999999999983
1 0.7788671875 0.5576559166666666 0.02187500000000009 0.029167000000000092
1 0.7911328125 0.5795836666666666 0.04249999999999998 0.021665999999999963
1 0.7944921875 0.56171875 0.023125000000000062 0.025832999999999995
1 0.8404296875 0.58671875 0.03749999999999998 0.024999999999999984
