1 0.07578125 0.5035696749633968 0.040625 0.03842600000000008
1 0.07046875 0.4929109019033675 0.024375000000000008 0.02061800000000006
1 0.1412109375 0.3325316442166911 0.013750000000000012 0.01499499999999998
1 0.2914453125 0.40627703074670574 0.02562500000000001 0.024367999999999935
1 0.3671875 0.3967887730600293 0.016874999999999973 0.019680999999999973
1 0.3684375 0.41605990190336756 0.015625 0.020617999999999977
1 0.4992578125 0.42314703074670573 0.010000000000000009 0.02342999999999996
1 0.529765625 0.48687703074670574 0.020000000000000018 0.026242000000000026
1 0.5794921875 0.4947849019033675 0.022500000000000075 0.02061900000000003
1 0.7233203125 0.4586437730600293 0.026875000000000093 0.019682000000000026
1 0.766875 0.5606224172767204 0.03312500000000007 0.032802999999999916
1 0.8893359375 0.6084204172767202 0.04500000000000004 0.03280200000000011
