1 0.5703126875 0.8468332754050073 0.16406200000000004 0.20029500000000003
1 0.3886723125 0.671575818851252 0.02734299999999995 0.05301899999999995
1 0.43261762500000006 0.8762890810014727 0.021483999999999892 0.061855000000000014
1 0.49902337500000005 0.8438878836524301 0.04394500000000001 0.10014700000000003
1 0.5410156875 0.8527248998527245 0.07031200000000004 0.11045600000000005
1 0.5546873125 0.7673048188512519 0.02636700000000003 0.05154600000000007
1 0.6171873125 0.6170837864506628 0.02636700000000003 0.02798199999999999
1 0.8779295625000001 0.9661270810014727 0.03417999999999988 0.06185500000000019
1 0.8710935 0.4860090486008836 0.015625 0.036819000000000046
1 0.9208980625000001 0.9027978350515464 0.04980499999999988 0.06332900000000005
