1 0.0524609375 0.5690104166666666 0.013749999999999998 0.01416700000000004
1 0.332734375 0.5444795 0.011874999999999969 0.015832999999999986
1 0.336484375 0.6771878333333333 0.013124999999999998 0.027500000000000153
1 0.5137890625 0.6673434166666666 0.018124999999999947 0.01500000000000005
1 0.72 0.6884899166666667 0.03312500000000007 0.029166000000000025
1 0.7215234375 0.7019270833333334 0.02937499999999993 0.03583299999999993
1 0.824765625 0.9826559166666667 0.1150000000000001 0.030834000000000028
1 0.85953125 0.884583 0.07062500000000005 0.06416700000000002
1 0.8630078125 0.8929684166666666 0.04249999999999998 0.04666700000000009
1 0.968671875 0.7178645833333333 0.06000000000000005 0.0833330000000001
