1 0.059456062500000004 0.7537320000000001 0.019333000000000003 0.026539999999999963
1 0.2568359375 0.7306083333333333 0.014000000000000012 0.01895700000000002
1 0.2715498125 0.7509542222222223 0.010000000000000009 0.01990499999999997
1 0.3760751875 0.5115654444444445 0.021999999999999964 0.066351
1 0.5280283125 0.4141321111111111 0.02733399999999997 0.049289000000000034
1 0.7432216875000001 0.28630155555555553 0.03866599999999998 0.03696700000000005
1 0.7491279375 0.3678185555555555 0.04600000000000004 0.03696700000000005
1 0.7775029375 0.7295288888888888 0.015333000000000041 0.028436000000000187
1 0.8448828125 0.7223205555555555 0.011333000000000037 0.03696700000000008
1 0.935859375 0.7276328888888889 0.012666999999999984 0.029383999999999983
1 0.943192375 0.7206884444444444 0.01200000000000001 0.016114
