1 0.0205078125 0.7069014705882353 0.04125 0.08286300000000006
1 0.0660546875 0.5548357647058824 0.037500000000000006 0.05932199999999998
1 0.074609375 0.9786276470588235 0.044375000000000005 0.039547999999999875
1 0.194765625 0.4758665294117647 0.020625000000000004 0.019773999999999937
1 0.2083984375 0.4729786470588235 0.029374999999999984 0.03860600000000005
1 0.319140625 0.9102914705882353 0.08374999999999999 0.08474600000000006
1 0.320625 0.5673207058823531 0.03125 0.025422999999999932
1 0.3208203125 0.5543700588235294 0.026875000000000038 0.036723000000000054
1 0.4245703125 0.5065804117647058 0.026874999999999982 0.04802199999999994
1 0.46796875 0.47527405882352947 0.024375000000000036 0.03672299999999997
1 0.5944921875 0.8662678235294117 0.05312499999999998 0.09698699999999993
1 0.7529296875 0.5277611176470588 0.03874999999999995 0.07344599999999994
1 0.868828125 0.5671929411764706 0.0368750000000001 0.06591300000000004
1 0.9027734375 0.5684311764705882 0.030624999999999902 0.05838000000000007
