1 0.0390625 0.7488714166666667 0.08 0.07555600000000003
1 0.1038408125 0.4159205833333333 0.041666999999999996 0.08222199999999995
1 0.203671875 0.3410589166666667 0.028332999999999997 0.06000000000000002
1 0.2340625 0.7214410833333335 0.07833299999999999 0.06666699999999996
1 0.277292 0.5443574166666667 0.03166600000000003 0.04444499999999999
1 0.279245125 0.49378516666666666 0.03666600000000003 0.037777000000000026
1 0.337004875 0.4226731666666667 0.028334000000000026 0.037777999999999944
1 0.35505175 0.4098789166666667 0.024999999999999967 0.028887999999999952
1 0.689583 0.6537675833333333 0.06333400000000011 0.11333300000000006
1 0.695911125 0.3389935 0.036667000000000005 0.048887999999999966
1 0.705625 0.4521009166666667 0.03166700000000011 0.031111000000000038
