1 0.021484375 0.1268877364568082 0.044375 0.08630399999999999
1 0.0244140625 0.2328917364568082 0.050625 0.08630300000000002
1 0.10125 0.2767090614934114 0.06312499999999999 0.046904999999999995
1 0.113828125 0.44020873645680814 0.0675 0.08630399999999998
1 0.130234375 0.32921612298682285 0.07437500000000001 0.09474700000000003
1 0.155859375 0.16553309224011714 0.043125 0.073171
1 0.16171875 0.831942803806735 0.05499999999999999 0.04221400000000006
1 0.157109375 0.7648126749633967 0.044375 0.03846099999999993
1 0.192734375 0.7984694172767205 0.04374999999999998 0.032832999999999994
1 0.1960546875 0.8950924172767205 0.03875000000000001 0.034708999999999775
1 0.1978515625 0.8442520614934116 0.03375 0.04784199999999991
1 0.219609375 0.7575351903367495 0.04375000000000001 0.05159499999999995
1 0.3471875 0.3005739326500732 0.016250000000000042 0.04409000000000001
1 0.36 0.18683741727672035 0.03187499999999999 0.032833000000000015
1 0.3601171875 0.2866161903367496 0.021875000000000033 0.051594999999999995
1 0.386171875 0.7422986749633967 0.02812500000000001 0.0384610000000001
1 0.3901953125 0.741885803806735 0.026874999999999982 0.042213999999999974
1 0.3932421875 0.09513293265007322 0.023125000000000007 0.04596599999999999
1 0.4006640625 0.36912403074670574 0.018750000000000044 0.02345199999999997
1 0.4358984375 0.6055651903367497 0.02999999999999997 0.05159499999999995
1 0.4565234375 0.8507739019033675 0.029374999999999984 0.022513999999999867
1 0.45484375 0.991785515373353 0.024375000000000036 0.01313299999999997
1 0.4588671875 0.8710000307467058 0.023125000000000007 0.02345199999999976
1 0.4821484375 0.7063530614934115 0.029374999999999984 0.04784199999999991
1 0.4903125 0.12188090190336748 0.015625 0.022514000000000034
1 0.4984375 0.9661589019033675 0.016249999999999987 0.020637999999999917
1 0.5113671875 0.9571196749633969 0.021874999999999978 0.040337999999999936
1 0.5510546875 0.47970377306002926 0.03875000000000006 0.017824000000000072
1 0.551171875 0.7510392884333822 0.028125000000000067 0.03095700000000004
1 0.556796875 0.6156125153733529 0.028125000000000067 0.01313299999999997
1 0.5584375 0.9845080307467058 0.016874999999999973 0.0234529999999999
1 0.5684375 0.8216939019033676 0.015625 0.020637999999999917
1 0.58046875 0.8348269019033675 0.024375000000000036 0.021575999999999974
1 0.6213671875 0.8507739019033675 0.023125000000000062 0.020637999999999917
1 0.658046875 0.9713750307467057 0.028124999999999956 0.02626700000000008
1 0.663046875 0.9872087730600293 0.028124999999999956 0.017823999999999906
