1 0.5918344375917769 0.634921875 0.12888099999999994 0.09000000000000008
1 0.28277014831130687 0.23578125 0.07714000000000001 0.03937499999999999
1 0.4425330117474303 0.4796484375 0.16462799999999997 0.09374999999999994
1 0.43888628928046985 0.0958203125 0.05174000000000008 0.056874999999999995
1 0.5184115785609399 0.37921875 0.10253999999999994 0.05625000000000002
1 0.6701682922173274 0.23765625 0.09313299999999997 0.03937499999999999
1 0.672761577092511 0.2925 0.08184399999999994 0.06312500000000004
1 0.7488457195301028 0.239453125 0.07525899999999981 0.06812499999999999
1 0.7765861497797357 0.3766015625 0.09783599999999988 0.06625000000000003
1 0.8373664375917768 0.3191015625 0.12888000000000022 0.065
1 0.9054430102790014 0.44125 0.14675500000000016 0.06312500000000004
1 0.9682205756240823 0.53109375 0.06020700000000009 0.05625000000000002
