1 0.4097265625 0.6668817226277372 0.06624999999999998 0.12605100000000002
1 0.074140625 0.7580816204379562 0.083125 0.0896360000000001
1 0.05375 0.44510422627737223 0.033124999999999995 0.057890000000000004
1 0.0698828125 0.19668620437956205 0.041249999999999995 0.07843199999999999
1 0.070859375 0.49272322627737225 0.04375 0.057890000000000004
1 0.13578125000000002 0.8581063284671532 0.07187499999999998 0.0961719999999999
1 0.1521875 0.6101484744525547 0.04874999999999999 0.09150299999999999
1 0.2077734375 0.1719353722627737 0.030625000000000013 0.053222000000000026
1 0.282265625 0.5911703722627737 0.05249999999999999 0.05322100000000002
1 0.3214453125 0.9581840583941607 0.057499999999999996 0.08029800000000005
1 0.3413671875 0.28936062043795624 0.05375000000000002 0.08963600000000002
1 0.348125 0.9846018321167884 0.03249999999999997 0.026143000000000024
1 0.4805859375 0.506491810218978 0.015000000000000013 0.043884000000000006
1 0.4865625 0.3661983941605839 0.016874999999999973 0.034547000000000036
1 0.524375 0.24985618248175184 0.06375000000000003 0.09710499999999998
1 0.5394921875 0.700020890510949 0.05437499999999995 0.10364200000000003
1 0.5765625 0.5663675182481752 0.04875000000000007 0.05042000000000004
1 0.592578125 0.23048559854014597 0.06687500000000002 0.10924299999999995
1 0.581171875 0.6061613941605839 0.028124999999999956 0.03267900000000006
1 0.62 0.663354810218978 0.03312499999999996 0.043884000000000006
