1 0.5486975833333334 0.8155859375 0.08083399999999992 0.10875000000000001
1 0.22874966666666666 0.5017968749999999 0.023334000000000004 0.028749999999999998
1 0.2848961666666667 0.449609375 0.03833300000000003 0.013124999999999998
1 0.7648961666666666 0.5451953125 0.03666600000000001 0.026874999999999982
1 0.79984375 0.460390625 0.05666700000000002 0.05125000000000002
1 0.8121878333333333 0.6203125 0.027500000000000007 0.01749999999999996
1 0.8371878333333332 0.4652734375 0.027500000000000007 0.030625000000000013
1 0.8867190833333334 0.5884375 0.06583300000000003 0.0475000000000001
1 0.9051559166666667 0.6233203125 0.029167000000000016 0.02562500000000001
1 0.9540621666666667 0.6416796875 0.036667000000000005 0.03874999999999995
1 0.9826559166666667 0.6190234375 0.030834000000000028 0.06125000000000003
