1 0.345625 0.3399139927007299 0.06374999999999997 0.14099000000000003
1 0.0519921875 0.4570048102189781 0.021875 0.046686000000000026
1 0.0539453125 0.49050010218978113 0.026875000000000003 0.04014899999999994
1 0.058515625 0.5450622481751825 0.020625000000000004 0.03641500000000001
1 0.102265625 0.43272881021897813 0.020625000000000004 0.04575200000000002
1 0.114375 0.5433806423357664 0.0325 0.06722700000000002
1 0.1231640625 0.42169454014598545 0.019375000000000003 0.031745999999999934
1 0.1365625 0.4549003941605839 0.017499999999999988 0.03268000000000011
1 0.15890625 0.41025312408759124 0.009374999999999994 0.018674000000000024
1 0.1794140625 0.4118316861313868 0.018125000000000002 0.028945000000000044
1 0.20296875 0.4323216642335766 0.024375000000000008 0.04761900000000007
1 0.2430078125 0.3471682700729927 0.010624999999999996 0.016807000000000016
1 0.2826171875 0.4926045182481752 0.023125000000000007 0.05228799999999997
1 0.3008984375 0.5132652262773721 0.029374999999999984 0.05695600000000008
1 0.3030859375 0.3444859781021898 0.015000000000000013 0.02054200000000004
1 0.3950390625 0.43272881021897813 0.018750000000000044 0.04388399999999992
1 0.4030859375 0.671520394160584 0.014375000000000027 0.034546999999999994
1 0.4205078125 0.41335822627737223 0.04124999999999995 0.05602200000000007
1 0.426171875 0.8558165182481751 0.02812500000000001 0.05228800000000014
1 0.4358203125 0.402732102189781 0.02562500000000001 0.03828100000000009
1 0.438984375 0.34687983211678836 0.011875000000000024 0.02520999999999998
1 0.463359375 0.34687983211678836 0.013124999999999998 0.02520999999999998
1 0.474609375 0.3342149781021898 0.011875000000000024 0.020541999999999998
1 0.489140625 0.3567426861313869 0.020625000000000004 0.02894499999999996
1 0.5018359375 0.36258210218978104 0.015000000000000013 0.038281999999999976
1 0.5196484375 0.5789136642335767 0.030625000000000013 0.047618999999999904
1 0.5478515625 0.48195670072992697 0.06625000000000003 0.14752500000000007
1 0.5330078125 0.36461983211678833 0.010000000000000009 0.02520999999999998
1 0.5589453125 0.3744316642335766 0.02562500000000001 0.047618999999999946
1 0.5636328125 0.3304799781021898 0.011249999999999982 0.020541999999999998
1 0.5821875 0.48667672262773726 0.04875000000000007 0.12605
1 0.592734375 0.3483396861313869 0.011874999999999969 0.027076999999999986
1 0.6055859375 0.35726854014598536 0.01375000000000004 0.03081300000000006
1 0.6165625 0.3746013941605839 0.016874999999999973 0.03267999999999999
1 0.6205859375 0.4013899562043796 0.014375000000000027 0.04295099999999996
1 0.6374609375 0.3394098321167883 0.01375000000000004 0.02521000000000002
1 0.66953125 0.7393035766423357 0.07062499999999994 0.12978500000000012
1 0.6469140625 0.3916458102189781 0.01937499999999992 0.04388399999999988
1 0.6653125 0.336319394160584 0.016874999999999973 0.034547999999999995
1 0.6901171875 0.5739562262773722 0.05437500000000006 0.057888999999999954
1 0.6830078125 0.3420921240875912 0.010000000000000009 0.017741000000000024
1 0.724609375 0.2763249781021898 0.011874999999999969 0.021476000000000006
1 0.7358203125 0.37273439416058396 0.02562500000000001 0.032679999999999904
1 0.74453125 0.26926312408759123 0.008750000000000036 0.01774099999999994
1 0.7494140625 0.31058354014598544 0.018125000000000058 0.030811999999999968
1 0.7694921875 0.33282181021897805 0.02312499999999995 0.04388500000000005
1 0.7987109375 0.32015795620437953 0.014375000000000027 0.042017
1 0.8123828125 0.3211429781021898 0.011249999999999982 0.022409000000000005
1 0.8316015625 0.5750079343065694 0.03500000000000003 0.06349199999999995
1 0.8363671875 0.3061519562043795 0.021874999999999978 0.042951000000000045
1 0.8744921875 0.3209732481751825 0.021874999999999978 0.036414
1 0.9190625 0.28951568613138684 0.016874999999999973 0.027078000000000036
1 0.9413671875 0.3182899562043796 0.021874999999999978 0.042017
1 0.9765625 0.2791269781021898 0.015625 0.021474999999999998
