1 0.0258984375 0.4571196749633968 0.029375000000000002 0.040337999999999936
1 0.0426171875 0.3630831595900439 0.023125 0.027205000000000052
1 0.0741015625 0.4600479326500732 0.034374999999999996 0.04596699999999993
1 0.1701953125 0.43918241727672036 0.02562500000000001 0.03283300000000008
1 0.2915234375 0.7617000614934114 0.0925 0.04784200000000008
1 0.45609375 0.7113157364568082 0.05624999999999997 0.08724199999999988
1 0.6844921875 0.6022250614934114 0.023125000000000062 0.04971900000000009
1 0.72234375 0.33464254612005856 0.024375000000000036 0.036585999999999994
1 0.76765625 0.3877016749633968 0.03937499999999994 0.04033799999999998
1 0.9313671875 0.3728760307467057 0.021874999999999978 0.025329000000000018
1 0.963125 0.366651803806735 0.03125 0.04221399999999993
