1 0.2873828125 0.5383854166666667 0.10374999999999998 0.10833300000000001
1 0.3179296875 0.4702604166666666 0.03875000000000001 0.07583300000000011
1 0.39015625 0.5120836666666667 0.040000000000000036 0.022500000000000037
1 0.389140625 0.3300003333333334 0.020625000000000004 0.04249999999999998
1 0.392890625 0.42963541666666666 0.020625000000000004 0.046667000000000014
1 0.4159375 0.5364065833333332 0.04749999999999999 0.05000000000000012
1 0.4516015625 0.35838575 0.03375 0.025832999999999995
1 0.546640625 0.31864549999999997 0.020625000000000004 0.016667000000000026
1 0.595703125 0.4466663333333334 0.036250000000000004 0.04333399999999991
1 0.587734375 0.3779166666666667 0.013124999999999942 0.022499999999999964
1 0.60671875 0.3046878333333333 0.024375000000000036 0.027500000000000042
1 0.6202734375 0.4768229166666667 0.02937500000000004 0.029166999999999943
1 0.6792578125 0.49385450000000003 0.1043750000000001 0.11166600000000004
